2.0088603
0.81073326
0.0
0.0
0.0
0.0
2.7033806
0.0
1.7650602
0.0
0.07956124
0.0
1.2529988
0.63621366
0.0
3.83992
0.0
0.0
0.0
0.0
0.0
3.2199419
2.6221726
1.9637048
2.4998758
2.3313994
0.0
0.0
1.5170228
3.2510467
4.1788945
2.7860124
0.78106326
0.0
3.25766
0.0
0.0
0.0
0.0
2.594829
0.0
0.0
3.2048485
0.78894997
0.0
0.0
2.768759
0.0
3.140204
2.3990219
0.0
2.3640661
0.0
0.0
1.9543654
0.23719314
0.944177
0.0
0.0
0.87791055
0.0
0.0
2.0735269
3.857225
0.0
0.23465514
0.0
0.0
0.0
3.8463535
0.0
0.9826447
0.72672135
2.8756876
0.0
2.8949459
2.7849202
0.97371334
2.3647025
2.8678951
0.26405936
3.0342488
2.1314502
3.8770962
0.0
0.0
3.4134965
0.0
2.2765214
0.0
0.0
0.0
3.244219
1.1095486
0.0
2.465576
2.3890758
0.0
2.3084373
0.0